    0.000000  -251362.140625
    1.000000  -281201.218750
    2.000000  -322153.906250
    3.000000  -357262.937500
    4.000000  -386488.718750
    5.000000  -413206.375000
    6.000000  -418998.906250
    7.000000  -424298.375000
    8.000000  -427639.906250
    9.000000  -431048.625000
   10.000000  -432304.250000
   11.000000  -435519.906250
   13.000000  -437729.937500
   14.000000  -439108.687500
   15.000000  -441347.968750
   17.000000  -443139.500000
   18.000000  -444494.343750
   19.000000  -446531.156250
   21.000000  -447885.437500
   22.000000  -448957.718750
   23.000000  -450332.750000
   24.000000  -450586.750000
   25.000000  -451853.531250
   27.000000  -453927.343750
   28.000000  -454175.906250
   29.000000  -456977.500000
   31.000000  -457838.343750
   32.000000  -458329.093750
   33.000000  -459000.343750
   34.000000  -459013.750000
   35.000000  -459205.218750
   37.000000  -462248.562500
   39.000000  -463172.156250
   40.000000  -464285.437500
   42.000000  -465002.437500
   43.000000  -465576.718750
   44.000000  -466325.593750
   45.000000  -466511.468750
   46.000000  -467225.000000
   48.000000  -468357.437500
   49.000000  -468778.781250
   50.000000  -470245.906250
   52.000000  -470768.531250
   53.000000  -471153.875000
   54.000000  -471593.250000
   55.000000  -471775.218750
   56.000000  -472015.781250
   58.000000  -473475.531250
   59.000000  -474094.187500
   60.000000  -475895.156250
   62.000000  -476253.812500
   63.000000  -476539.500000
   64.000000  -476820.343750
   65.000000  -476875.156250
   66.000000  -477019.062500
   68.000000  -478525.812500
   70.000000  -479077.781250
   71.000000  -479596.968750
   72.000000  -479715.687500
   73.000000  -480263.312500
   75.000000  -480790.593750
   76.000000  -481051.062500
   77.000000  -481712.468750
   79.000000  -482060.593750
   80.000000  -482333.156250
   81.000000  -482671.468750
   82.000000  -482818.312500
   83.000000  -483094.812500
   85.000000  -483748.968750
   86.000000  -484274.937500
   87.000000  -485132.531250
   89.000000  -485391.593750
   90.000000  -485665.718750
   91.000000  -485835.968750
   92.000000  -486085.281250
   93.000000  -486099.687500
   94.000000  -486284.375000
   96.000000  -487154.875000
   98.000000  -487501.656250
   99.000000  -487827.875000
  100.000000  -487952.375000
  101.000000  -488299.375000
  103.000000  -488646.750000
  104.000000  -488887.156250
  105.000000  -489319.125000
  107.000000  -489559.937500
  108.000000  -489767.750000
  109.000000  -490007.062500
  110.000000  -490130.593750
  111.000000  -490338.250000
  112.000000  -490347.625000
  113.000000  -490462.531250
  115.000000  -491233.937500
  116.000000  -491248.250000
  117.000000  -492275.531250
  119.000000  -492410.281250
  120.000000  -492598.468750
  121.000000  -492631.531250
  122.000000  -492775.000000
  124.000000  -493359.781250
  125.000000  -493437.156250
  126.000000  -494182.062500
  128.000000  -494343.031250
  129.000000  -494470.218750
  130.000000  -494591.156250
  131.000000  -494630.531250
  132.000000  -494673.062500
  134.000000  -495357.375000
  135.000000  -495405.125000
  136.000000  -496280.406250
  138.000000  -496395.375000
  139.000000  -496520.343750
  140.000000  -496573.687500
  141.000000  -496619.187500
  143.000000  -497183.562500
  144.000000  -497396.593750
  145.000000  -498149.437500
  147.000000  -498244.437500
  148.000000  -498405.937500
  149.000000  -498417.343750
  150.000000  -498560.468750
  152.000000  -498950.781250
  153.000000  -498992.156250
  154.000000  -499490.812500
  156.000000  -499623.437500
  157.000000  -499714.468750
  158.000000  -499827.187500
  159.000000  -499848.781250
  160.000000  -499914.906250
  162.000000  -500384.250000
  163.000000  -500420.156250
  164.000000  -501026.593750
  166.000000  -501125.531250
  167.000000  -501221.750000
  168.000000  -501279.250000
  169.000000  -501317.812500
  171.000000  -501725.906250
  172.000000  -501987.812500
  173.000000  -502531.687500
  175.000000  -502613.718750
  176.000000  -502742.125000
  177.000000  -502762.343750
  178.000000  -502879.468750
  180.000000  -503162.750000
  181.000000  -503230.000000
  182.000000  -503591.875000
  184.000000  -503699.218750
  185.000000  -503777.750000
  186.000000  -503871.218750
  187.000000  -503900.343750
  188.000000  -503960.156250
  190.000000  -504302.250000
  191.000000  -504387.968750
  192.000000  -504830.437500
  194.000000  -504913.937500
  195.000000  -504997.562500
  196.000000  -505049.812500
  197.000000  -505094.375000
  199.000000  -505390.437500
  200.000000  -505633.625000
  201.000000  -506027.656250
  203.000000  -506102.718750
  204.000000  -506205.406250
  205.000000  -506236.531250
  206.000000  -506330.031250
  208.000000  -506543.656250
  209.000000  -506641.375000
  210.000000  -506913.875000
  212.000000  -507002.906250
  213.000000  -507074.562500
  214.000000  -507152.187500
  215.000000  -507190.312500
  216.000000  -507241.781250
  218.000000  -507498.218750
  219.000000  -507634.906250
  220.000000  -507966.312500
  222.000000  -508039.187500
  223.000000  -508115.093750
  224.000000  -508162.843750
  225.000000  -508212.718750
  226.000000  -508215.718750
  228.000000  -508524.093750
  229.000000  -508760.937500
  230.000000  -509158.031250
  232.000000  -509212.125000
  233.000000  -509293.531250
  234.000000  -509310.281250
  235.000000  -509371.718750
  237.000000  -509597.437500
  238.000000  -509658.750000
  239.000000  -509958.937500
  241.000000  -510023.781250
  242.000000  -510091.218750
  243.000000  -510131.250000
  244.000000  -510179.437500
  246.000000  -510374.218750
  247.000000  -510526.750000
  248.000000  -510778.031250
  250.000000  -510843.218750
  251.000000  -510910.093750
  252.000000  -510956.062500
  253.000000  -511005.093750
  254.000000  -511017.406250
  255.000000  -511024.781250
  257.000000  -511327.812500
  258.000000  -511353.031250
  259.000000  -511758.718750
  261.000000  -511796.218750
  262.000000  -511868.468750
  264.000000  -511992.687500
  265.000000  -512099.781250
  266.000000  -512256.812500
  268.000000  -512324.281250
  269.000000  -512383.656250
  270.000000  -512446.218750
  271.000000  -512486.125000
  272.000000  -512536.125000
  273.000000  -512539.312500
  274.000000  -512559.500000
  276.000000  -512828.281250
  278.000000  -512929.906250
  279.000000  -513030.406250
  280.000000  -513046.906250
  281.000000  -513164.343750
  283.000000  -513253.656250
  284.000000  -513294.218750
  285.000000  -513400.750000
  287.000000  -513476.593750
  288.000000  -513532.218750
  289.000000  -513617.718750
  290.000000  -513627.718750
  291.000000  -513718.937500
  293.000000  -513831.375000
  294.000000  -513868.656250
  295.000000  -514011.781250
  297.000000  -514077.843750
  298.000000  -514123.562500
  299.000000  -514189.656250
  300.000000  -514206.312500
  301.000000  -514264.218750
  303.000000  -514407.875000
  304.000000  -514466.812500
  305.000000  -514656.375000
  307.000000  -514711.218750
  308.000000  -514760.718750
  309.000000  -514803.031250
  310.000000  -514836.656250
  311.000000  -514852.781250
  312.000000  -514854.062500
  314.000000  -515098.781250
  315.000000  -515136.218750
  316.000000  -515459.156250
  318.000000  -515491.375000
  319.000000  -515545.062500
  320.000000  -515547.406250
  321.000000  -515582.375000
  323.000000  -515771.875000
  324.000000  -515779.218750
  325.000000  -516033.468750
  327.000000  -516074.000000
  328.000000  -516121.343750
  329.000000  -516139.437500
  330.000000  -516170.812500
  332.000000  -516331.625000
  333.000000  -516394.281250
  334.000000  -516604.625000
  336.000000  -516648.093750
  337.000000  -516693.375000
  338.000000  -516720.656250
  339.000000  -516749.968750
  341.000000  -516889.031250
  342.000000  -517009.781250
  343.000000  -517196.281250
  345.000000  -517238.468750
  346.000000  -517290.437500
  347.000000  -517312.937500
  348.000000  -517359.062500
  350.000000  -517466.812500
  351.000000  -517540.750000
  352.000000  -517679.593750
  354.000000  -517726.687500
  355.000000  -517768.250000
  356.000000  -517808.406250
  357.000000  -517835.531250
  358.000000  -517861.031250
  360.000000  -517992.250000
  361.000000  -518107.000000
  362.000000  -518278.406250
  364.000000  -518318.718750
  365.000000  -518363.625000
  366.000000  -518388.843750
  367.000000  -518423.343750
  368.000000  -518423.468750
  369.000000  -518432.312500
  371.000000  -518633.250000
  373.000000  -518707.531250
  374.000000  -518783.562500
  375.000000  -518790.187500
  376.000000  -518882.531250
  378.000000  -518943.593750
  379.000000  -518968.968750
  380.000000  -519038.437500
  382.000000  -519096.625000
  383.000000  -519138.812500
  384.000000  -519208.968750
  386.000000  -519257.343750
  387.000000  -519301.906250
  388.000000  -519355.062500
  389.000000  -519375.312500
  390.000000  -519430.531250
  392.000000  -519502.250000
  393.000000  -519551.968750
  394.000000  -519643.750000
  396.000000  -519688.156250
  397.000000  -519725.812500
  398.000000  -519769.187500
  399.000000  -519792.156250
  400.000000  -519828.218750
  402.000000  -519919.468750
  403.000000  -520003.062500
  404.000000  -520123.406250
  406.000000  -520163.531250
  407.000000  -520203.031250
  408.000000  -520232.531250
  409.000000  -520265.531250
  410.000000  -520277.000000
  411.000000  -520293.781250
  413.000000  -520437.218750
  414.000000  -520472.093750
  415.000000  -520662.156250
  417.000000  -520692.187500
  418.000000  -520728.562500
  419.000000  -520742.125000
  420.000000  -520764.687500
  422.000000  -520886.437500
  423.000000  -520939.187500
  424.000000  -521103.468750
  426.000000  -521134.250000
  427.000000  -521172.875000
  428.000000  -521187.812500
  429.000000  -521218.875000
  431.000000  -521318.062500
  432.000000  -521367.843750
  433.000000  -521498.312500
  435.000000  -521533.218750
  436.000000  -521565.906250
  437.000000  -521592.687500
  438.000000  -521613.437500
  439.000000  -521623.281250
  441.000000  -521748.531250
  442.000000  -521841.468750
  443.000000  -521998.218750
  445.000000  -522028.781250
  446.000000  -522061.093750
  447.000000  -522081.968750
  448.000000  -522099.875000
  449.000000  -522104.156250
  451.000000  -522243.531250
  452.000000  -522309.625000
  453.000000  -522478.843750
  455.000000  -522507.250000
  456.000000  -522537.750000
  457.000000  -522554.875000
  458.000000  -522570.125000
  460.000000  -522679.437500
  461.000000  -522772.937500
  462.000000  -522924.625000
  464.000000  -522951.250000
  465.000000  -522994.468750
  466.000000  -523000.531250
  467.000000  -523046.187500
  469.000000  -523117.968750
  470.000000  -523140.500000
  471.000000  -523227.968750
  473.000000  -523266.187500
  474.000000  -523289.968750
  475.000000  -523330.531250
  476.000000  -523334.343750
  477.000000  -523374.656250
  479.000000  -523455.375000
  480.000000  -523473.312500
  481.000000  -523572.625000
  483.000000  -523608.437500
  484.000000  -523630.687500
  485.000000  -523667.468750
  486.000000  -523670.406250
  487.000000  -523703.875000
  489.000000  -523795.312500
  490.000000  -523809.125000
  491.000000  -523922.218750
  493.000000  -523955.875000
  494.000000  -523977.000000
  495.000000  -524008.531250
  496.000000  -524011.687500
  497.000000  -524036.468750
  499.000000  -524140.625000
  500.000000  -524151.781250
  501.000000  -524281.125000
  503.000000  -524311.250000
  504.000000  -524333.000000
  505.000000  -524358.250000
  506.000000  -524363.250000
  507.000000  -524377.750000
  509.000000  -524496.187500
  510.000000  -524506.812500
  511.000000  -524654.937500
  513.000000  -524680.937500
  514.000000  -524703.875000
  515.000000  -524721.875000
  516.000000  -524729.375000
  517.000000  -524731.812500
  519.000000  -524866.750000
  520.000000  -524880.250000
  521.000000  -525048.812500
  523.000000  -525070.125000
  524.000000  -525095.375000
  525.000000  -525105.062500
  526.000000  -525115.437500
  528.000000  -525223.250000
  529.000000  -525271.000000
  530.000000  -525420.062500
  532.000000  -525439.375000
  533.000000  -525475.687500
  534.000000  -525476.375000
  535.000000  -525512.500000
  537.000000  -525586.375000
  538.000000  -525596.812500
  539.000000  -525688.125000
  541.000000  -525719.625000
  542.000000  -525738.125000
  543.000000  -525769.687500
  544.000000  -525770.812500
  545.000000  -525798.687500
  547.000000  -525884.187500
  548.000000  -525891.562500
  549.000000  -525998.437500
  551.000000  -526027.000000
  552.000000  -526045.750000
  553.000000  -526071.625000
  554.000000  -526074.000000
  555.000000  -526092.125000
  557.000000  -526191.312500
  558.000000  -526197.375000
  559.000000  -526322.062500
  561.000000  -526347.187500
  562.000000  -526366.812500
  563.000000  -526385.562500
  564.000000  -526390.812500
  565.000000  -526397.000000
  567.000000  -526512.312500
  568.000000  -526520.187500
  569.000000  -526665.312500
  571.000000  -526686.125000
  572.000000  -526707.500000
  573.000000  -526718.562500
  574.000000  -526726.625000
  576.000000  -526822.437500
  577.000000  -526877.687500
  578.000000  -527009.937500
  580.000000  -527027.750000
  581.000000  -527061.000000
  582.000000  -527061.625000
  583.000000  -527094.937500
  585.000000  -527159.875000
  586.000000  -527169.250000
  587.000000  -527249.625000
  589.000000  -527278.250000
  590.000000  -527294.750000
  591.000000  -527323.312500
  592.000000  -527324.687500
  593.000000  -527350.875000
  595.000000  -527426.312500
  596.000000  -527432.312500
  597.000000  -527527.000000
  599.000000  -527552.937500
  600.000000  -527569.562500
  601.000000  -527593.437500
  602.000000  -527595.437500
  603.000000  -527612.437500
  605.000000  -527700.937500
  606.000000  -527705.187500
  607.000000  -527816.937500
  609.000000  -527839.500000
  610.000000  -527857.000000
  611.000000  -527874.250000
  612.000000  -527878.250000
  613.000000  -527884.250000
  615.000000  -527987.937500
  616.000000  -527993.250000
  617.000000  -528124.375000
  619.000000  -528142.937500
  620.000000  -528162.125000
  621.000000  -528171.937500
  622.000000  -528178.812500
  624.000000  -528266.187500
  625.000000  -528315.437500
  626.000000  -528435.812500
  628.000000  -528451.937500
  629.000000  -528481.437500
  630.000000  -528482.000000
  631.000000  -528511.937500
  633.000000  -528571.187500
  634.000000  -528579.062500
  635.000000  -528653.000000
  637.000000  -528678.937500
  638.000000  -528693.312500
  639.000000  -528719.000000
  640.000000  -528720.250000
  641.000000  -528742.500000
  643.000000  -528812.562500
  644.000000  -528817.000000
  645.000000  -528905.312500
  647.000000  -528928.375000
  648.000000  -528943.500000
  649.000000  -528963.875000
  650.000000  -528966.000000
  651.000000  -528979.500000
  653.000000  -529062.500000
  654.000000  -529065.437500
  655.000000  -529170.562500
  657.000000  -529190.562500
  658.000000  -529206.187500
  659.000000  -529220.875000
  660.000000  -529225.000000
  661.000000  -529227.937500
  663.000000  -529325.687500
  664.000000  -529330.687500
  665.000000  -529455.312500
  667.000000  -529470.562500
  668.000000  -529489.125000
  669.000000  -529495.812500
  670.000000  -529503.125000
  672.000000  -529583.750000
  673.000000  -529614.437500
  674.000000  -529725.125000
  676.000000  -529739.375000
  677.000000  -529765.125000
  678.000000  -529765.812500
  679.000000  -529790.375000
  681.000000  -529848.000000
  682.000000  -529855.125000
  683.000000  -529927.750000
  685.000000  -529949.937500
  686.000000  -529964.000000
  687.000000  -529985.062500
  688.000000  -529986.875000
  689.000000  -530003.500000
  691.000000  -530072.187500
  692.000000  -530078.000000
  693.000000  -530165.312500
  695.000000  -530185.125000
  696.000000  -530199.875000
  697.000000  -530215.125000
  698.000000  -530219.437500
  699.000000  -530226.437500
  701.000000  -530308.375000
  702.000000  -530316.812500
  703.000000  -530421.250000
  705.000000  -530437.062500
  706.000000  -530453.687500
  707.000000  -530462.625000
  708.000000  -530470.125000
  710.000000  -530539.500000
  711.000000  -530583.500000
  712.000000  -530678.875000
  714.000000  -530693.375000
  715.000000  -530717.625000
  716.000000  -530719.937500
  717.000000  -530743.250000
  719.000000  -530792.562500
  720.000000  -530803.250000
  721.000000  -530865.187500
  723.000000  -530886.125000
  724.000000  -530900.187500
  725.000000  -530920.687500
  726.000000  -530923.812500
  727.000000  -530940.125000
  729.000000  -530999.187500
  730.000000  -531010.125000
  731.000000  -531085.250000
  733.000000  -531104.000000
  734.000000  -531118.312500
  735.000000  -531133.625000
  736.000000  -531138.625000
  737.000000  -531146.562500
  739.000000  -531216.812500
  740.000000  -531231.687500
  741.000000  -531321.750000
  743.000000  -531337.562500
  744.000000  -531353.062500
  745.000000  -531362.812500
  746.000000  -531370.375000
  748.000000  -531430.625000
